[
    [1, 2, 10, 15, 26], 
    [9, 21, 23, 30, 32], 
    [3, 7, 14, 19, 25], 
    [17, 20, 22, 31, 34],
    [11, 18, 27, 28, 29],
    [5, 12, 13, 16, 35],
    [4, 6, 8, 24, 33]
]
[
    [7, 15, 16, 20, 26], 
    [1, 8, 10, 18, 25],
    [3, 11, 14, 22, 29],
    [2, 4, 6, 13, 17], 
    [21, 23, 27, 31, 34],
    [5, 9, 12, 24, 32],
    [19, 28, 30, 33, 35]
]
[
    [3, 6, 9, 20, 25],
    [19, 22, 28, 31, 35],
    [8, 12, 15, 21, 34],
    [4, 11, 24, 29, 33],
    [7, 10, 17, 18, 32],
    [5, 13, 16, 23, 27],
    [1, 2, 14, 26, 30]
    ]
[
    [1, 9, 10, 16, 24],
    [8, 14, 18, 25, 32],
    [3, 4, 7, 20, 23],
    [5, 12, 27, 29, 30],
    [6, 11, 15, 31, 33],
    [2, 13, 17, 26, 34],
    [19, 21, 22, 28, 35]
]

[
    [1, 7, 17, 23, 29],
    [18, 19, 24, 31, 35],
    [6, 9, 12, 20, 33],
    [2, 5, 15, 32, 34],
    [4, 8, 14, 16, 21],
    [10, 13, 27, 28, 30],
    [3, 11, 22, 25, 26]
]

